1	25	0.39999999999999997
1	22	0.6000000000000001
10	25	0.39999999999999997
10	22	0.6000000000000001
11	25	0.16
11	12	0.6
11	22	0.24000000000000005
12	4	0.2571428571428571
12	5	0.2571428571428571
12	7	0.039024390243902425
12	18	0.11707317073170732
12	21	0.11707317073170732
12	22	0.05853658536585366
12	25	0.12473867595818812
12	26	0.02926829268292683
13	16	0.36000000000000004
13	19	0.3999999999999999
13	7	0.24000000000000002
14	8	0.4
14	13	0.6000000000000001
17	16	0.14400000000000002
17	8	0.6000000000000001
17	19	0.15999999999999998
17	7	0.09600000000000002
18	3	0.2500000000000001
18	4	0.016255796285137937
18	5	0.016255796285137937
18	6	0.007518796992481207
18	7	0.06878337751251745
18	8	0.0811688311688312
18	9	0.02318295739348371
18	10	0.0811688311688312
18	11	0.02192982456140351
18	12	0.1666666666666667
18	14	0.014518002322880377
18	15	0.029036004645760755
18	16	0.010452961672473874
18	18	0.023106546854942244
18	19	0.03200073354117001
18	21	0.023106546854942244
18	22	0.011553273427471122
18	24	0.09568683349171156
18	25	0.013120781046693392
18	26	0.005776636713735561
18	27	0.008710801393728228
19	2	0.016404647983595345
19	3	0.008202323991797673
19	4	0.019805611589950485
19	5	0.019805611589950485
19	6	0.06766917293233081
19	7	0.03286264441591783
19	9	0.06766917293233081
19	10	0.008202323991797673
19	14	0.05776636713735557
19	15	0.11553273427471114
19	16	0.08545143346170302
19	17	0.08771929824561402
19	18	0.015404364569961488
19	19	0.11498257839721251
19	21	0.015404364569961488
19	22	0.007702182284980744
19	23	0.13909774436090222
19	24	0.05776636713735557
19	25	0.011736658719970655
19	26	0.00795225313838921
19	27	0.04286214427421101
2	3	0.4285714285714286
2	4	0.01933404940923738
2	5	0.01933404940923738
2	6	0.012889366272824922
2	7	0.013203741059966991
2	9	0.039742212674543496
2	11	0.037593984962406006
2	12	0.2857142857142857
2	18	0.03961122317990098
2	19	0.015037593984962403
2	21	0.03961122317990098
2	22	0.01980561158995049
2	25	0.01964842419637945
2	26	0.009902805794975244
20	16	0.36000000000000004
20	19	0.3999999999999999
20	7	0.24000000000000002
21	4	0.06766917293233082
21	5	0.06766917293233082
21	6	0.04511278195488722
21	7	0.04621309370988446
21	9	0.13909774436090222
21	11	0.13157894736842102
21	18	0.1386392811296534
21	19	0.05263157894736841
21	21	0.1386392811296534
21	22	0.0693196405648267
21	25	0.06876948468732806
21	26	0.03465982028241335
22	2	0.15584415584415584
22	3	0.07792207792207792
22	7	0.013937282229965155
22	10	0.07792207792207792
22	18	0.04181184668989548
22	21	0.04181184668989548
22	22	0.02090592334494774
22	23	0.42857142857142855
22	25	0.013937282229965155
22	26	0.04941400063351283
22	27	0.07792207792207792
23	2	0.02833530106257379
23	3	0.014167650531286895
23	4	0.07338793610570614
23	5	0.07338793610570614
23	7	0.05315748552999107
23	8	0.20897284533648175
23	10	0.06729634002361275
23	14	0.0095026924295217
23	15	0.0190053848590434
23	16	0.006841938549255626
23	18	0.03953120050681027
23	19	0.015204307887234722
23	21	0.03953120050681027
23	22	0.019765600253405135
23	23	0.07792207792207792
23	24	0.06263138192184756
23	25	0.03763971220417212
23	26	0.016966625392346016
23	27	0.1367523828721168
24	4	0.0749926764964359
24	5	0.0749926764964359
24	6	0.012889366272824923
24	7	0.013203741059966993
24	9	0.1788887803925398
24	11	0.03759398496240601
24	18	0.039611223179900984
24	19	0.07069622107216092
24	20	0.19480519480519481
24	21	0.039611223179900984
24	22	0.13668872847306737
24	25	0.11612337781419022
24	26	0.009902805794975246
25	4	0.06766917293233082
25	5	0.06766917293233082
25	6	0.04511278195488722
25	7	0.04621309370988446
25	9	0.13909774436090222
25	11	0.13157894736842102
25	18	0.1386392811296534
25	19	0.05263157894736841
25	21	0.1386392811296534
25	22	0.0693196405648267
25	25	0.06876948468732806
25	26	0.03465982028241335
3	25	0.39999999999999997
3	22	0.6000000000000001
4	4	0.07792207792207792
4	5	0.07792207792207792
4	9	0.1948051948051948
4	19	0.07792207792207792
4	20	0.2727272727272727
4	22	0.16363636363636364
4	25	0.13506493506493505
5	7	0.010269576379974325
5	11	0.2631578947368421
5	12	0.39285714285714296
5	18	0.030808729139922983
5	21	0.030808729139922983
5	22	0.015404364569961491
5	25	0.010269576379974325
5	26	0.11484503942783791
5	27	0.13157894736842105
6	4	0.005973120955699354
6	5	0.005973120955699354
6	7	0.008362369337979096
6	8	0.39285714285714296
6	14	0.01742160278745645
6	15	0.0348432055749129
6	16	0.1315911730545877
6	17	0.23809523809523808
6	19	0.02787456445993032
6	24	0.01742160278745645
6	25	0.0019910403185664513
6	27	0.11759581881533103
7	4	0.005973120955699353
7	5	0.005973120955699353
7	7	0.086284447260057
7	8	0.1168831168831169
7	10	0.1168831168831169
7	13	0.09523809523809523
7	14	0.11767222935387248
7	15	0.03484320557491288
7	16	0.012543554006968641
7	19	0.06797481508649673
7	20	0.09523809523809523
7	24	0.13430471967057334
7	25	0.001991040318566451
7	26	0.05012531328320802
7	27	0.058072009291521474
8	4	0.016724738675958188
8	5	0.016724738675958188
8	6	0.2571428571428572
8	7	0.02341463414634146
8	9	0.2571428571428572
8	14	0.04878048780487804
8	15	0.09756097560975607
8	16	0.0351219512195122
8	19	0.16376306620209058
8	24	0.04878048780487804
8	25	0.005574912891986063
8	27	0.029268292682926824
9	6	0.07792207792207792
9	7	0.07305669939816281
9	9	0.07792207792207792
9	12	0.15584415584415584
9	16	0.0981818181818182
9	18	0.02280646183085207
9	19	0.13506493506493505
9	21	0.02280646183085207
9	22	0.011403230915426036
9	23	0.19480519480519476
9	25	0.0076021539436173565
9	26	0.1225847323408299
