10	10	1.0
10	23
10	6
11	11	1.0
11	14
12	12	1.0
12	13
12	17
12	20
13	13	1.0
13	3
14	14	1.0
14	18
14	2
15	15	1.0
15	21
16	16	1.0
16	11
16	22
17	17	1.0
17	11
18	18	1.0
18	19
19	19	1.0
19	18
19	2
19	21
19	24
19	25
2	2	1.0
2	6
20	20	1.0
20	1
20	10
21	21	1.0
21	19
22	22	1.0
22	19
22	8
23	23	1.0
23	9
24	24	1.0
24	18
24	23
25	25	1.0
25	19
25	7
25	8
26	26	1.0
26	19
26	2
26	20
26	6
27	27	1.0
27	26
27	6
3	3	1.0
3	17
3	6
4	4	1.0
4	7
5	5	1.0
5	7
6	6	1.0
6	5
7	7	1.0
7	19
7	22
7	23
8	8	1.0
8	12
8	23
9	9	1.0
9	24
9	4
