6	10	0.5
23	10	0.5
10	6
10	23
14	11	1.0
11	14
17	12	0.3333333333333333
20	12	0.3333333333333333
13	12	0.3333333333333333
12	17
12	20
12	13
3	13	1.0
13	3
18	14	0.5
2	14	0.5
14	18
14	2
21	15	1.0
15	21
11	16	0.5
22	16	0.5
16	11
16	22
11	17	1.0
17	11
19	18	1.0
18	19
24	19	0.2
25	19	0.2
18	19	0.2
2	19	0.2
21	19	0.2
19	24
19	25
19	18
19	2
19	21
6	2	1.0
2	6
1	20	0.5
10	20	0.5
20	1
20	10
19	21	1.0
21	19
8	22	0.5
19	22	0.5
22	8
22	19
9	23	1.0
23	9
18	24	0.5
23	24	0.5
24	18
24	23
8	25	0.3333333333333333
19	25	0.3333333333333333
7	25	0.3333333333333333
25	8
25	19
25	7
2	26	0.25
19	26	0.25
20	26	0.25
6	26	0.25
26	2
26	19
26	20
26	6
26	27	0.5
6	27	0.5
27	26
27	6
17	3	0.5
6	3	0.5
3	17
3	6
7	4	1.0
4	7
7	5	1.0
5	7
5	6	1.0
6	5
19	7	0.3333333333333333
22	7	0.3333333333333333
23	7	0.3333333333333333
7	19
7	22
7	23
12	8	0.5
23	8	0.5
8	12
8	23
24	9	0.5
4	9	0.5
9	24
9	4
