6	20	0.5
23	20	0.5
10	6
10	23
14	16	0.3333333333333333
14	17	0.6666666666666666
11	14
17	8	0.3333333333333333
20	8	0.3333333333333333
13	8	0.3333333333333333
12	17
12	20
12	13
3	12	1.0
13	3
18	11	0.5
2	11	0.5
14	18
14	2
15	21
16	11
16	22
11	3	0.6000000000000001
11	12	0.4
17	11
19	24	0.4166666666666667
19	19	0.16666666666666669
19	14	0.4166666666666667
18	19
24	7	0.01951219512195122
25	7	0.01951219512195122
18	7	0.01951219512195122
2	7	0.01951219512195122
21	7	0.01951219512195122
24	18	0.05853658536585367
25	18	0.05853658536585367
18	18	0.05853658536585367
2	18	0.05853658536585367
21	18	0.05853658536585367
24	21	0.05853658536585367
25	21	0.05853658536585367
18	21	0.05853658536585367
2	21	0.05853658536585367
21	21	0.05853658536585367
24	22	0.029268292682926834
25	22	0.029268292682926834
18	22	0.029268292682926834
2	22	0.029268292682926834
21	22	0.029268292682926834
24	25	0.01951219512195122
25	25	0.01951219512195122
18	25	0.01951219512195122
2	25	0.01951219512195122
21	25	0.01951219512195122
24	26	0.014634146341463417
25	26	0.014634146341463417
18	26	0.014634146341463417
2	26	0.014634146341463417
21	26	0.014634146341463417
19	24
19	25
19	18
19	2
19	21
6	26	0.2631578947368421
6	19	0.2105263157894737
6	14	0.5263157894736842
2	6
1	26	0.2142857142857143
10	26	0.2142857142857143
1	12	0.28571428571428575
10	12	0.28571428571428575
20	1
20	10
19	19	0.16666666666666669
19	15	0.8333333333333334
21	19
8	16	0.30000000000000004
19	16	0.30000000000000004
8	7	0.2
19	7	0.2
22	8
22	19
9	24	0.27272727272727276
9	8	0.27272727272727276
9	10	0.27272727272727276
9	7	0.18181818181818182
23	9
18	9	0.35714285714285715
23	9	0.35714285714285715
18	19	0.14285714285714288
23	19	0.14285714285714288
24	18
24	23
8	19	0.3333333333333333
19	19	0.3333333333333333
7	19	0.3333333333333333
25	8
25	19
25	7
2	27	0.25
19	27	0.25
20	27	0.25
6	27	0.25
26	2
26	19
26	20
26	6
27	26
27	6
17	13	0.5
6	13	0.5
3	17
3	6
7	9	1.0
4	7
7	6	1.0
5	7
5	27	0.18181818181818182
5	3	0.18181818181818182
5	10	0.18181818181818182
5	26	0.09090909090909091
5	2	0.36363636363636365
6	5
19	25	0.04761904761904762
22	25	0.04761904761904762
23	25	0.04761904761904762
19	4	0.14285714285714288
22	4	0.14285714285714288
23	4	0.14285714285714288
19	5	0.14285714285714288
22	5	0.14285714285714288
23	5	0.14285714285714288
7	19
7	22
7	23
12	25	0.2
23	25	0.2
12	22	0.30000000000000004
23	22	0.30000000000000004
8	12
8	23
24	23	0.5
4	23	0.5
9	24
9	4
