6	26	0.2142857142857143
23	26	0.2142857142857143
6	12	0.28571428571428575
23	12	0.28571428571428575
10	6
10	23
14	3	0.6000000000000001
14	12	0.4
11	14
17	25	0.13333333333333333
20	25	0.13333333333333333
13	25	0.13333333333333333
17	22	0.20000000000000004
20	22	0.20000000000000004
13	22	0.20000000000000004
12	17
12	20
12	13
3	8	1.0
13	3
18	16	0.16666666666666666
2	16	0.16666666666666666
18	17	0.3333333333333333
2	17	0.3333333333333333
14	18
14	2
15	21
16	11
16	22
11	8	0.4
11	13	0.6000000000000001
17	11
19	7	0.016260162601626015
19	9	0.29761904761904756
19	11	0.41666666666666663
19	18	0.04878048780487805
19	19	0.11904761904761904
19	21	0.04878048780487805
19	22	0.024390243902439025
19	25	0.016260162601626015
19	26	0.012195121951219513
18	19
24	4	0.008362369337979096
25	4	0.008362369337979096
18	4	0.008362369337979096
2	4	0.008362369337979096
21	4	0.008362369337979096
24	5	0.008362369337979096
25	5	0.008362369337979096
18	5	0.008362369337979096
2	5	0.008362369337979096
21	5	0.008362369337979096
24	7	0.011707317073170732
25	7	0.011707317073170732
18	7	0.011707317073170732
2	7	0.011707317073170732
21	7	0.011707317073170732
24	14	0.024390243902439025
25	14	0.024390243902439025
18	14	0.024390243902439025
2	14	0.024390243902439025
21	14	0.024390243902439025
24	15	0.04878048780487805
25	15	0.04878048780487805
18	15	0.04878048780487805
2	15	0.04878048780487805
21	15	0.04878048780487805
24	16	0.017560975609756103
25	16	0.017560975609756103
18	16	0.017560975609756103
2	16	0.017560975609756103
21	16	0.017560975609756103
24	19	0.039024390243902446
25	19	0.039024390243902446
18	19	0.039024390243902446
2	19	0.039024390243902446
21	19	0.039024390243902446
24	24	0.024390243902439025
25	24	0.024390243902439025
18	24	0.024390243902439025
2	24	0.024390243902439025
21	24	0.024390243902439025
24	25	0.002787456445993032
25	25	0.002787456445993032
18	25	0.002787456445993032
2	25	0.002787456445993032
21	25	0.002787456445993032
24	27	0.014634146341463417
25	27	0.014634146341463417
18	27	0.014634146341463417
2	27	0.014634146341463417
21	27	0.014634146341463417
19	24
19	25
19	18
19	2
19	21
6	7	0.020539152759948647
6	11	0.5263157894736841
6	18	0.06161745827984596
6	21	0.06161745827984596
6	22	0.03080872913992298
6	25	0.020539152759948647
6	26	0.01540436456996149
6	27	0.26315789473684204
2	6
1	8	0.28571428571428575
10	8	0.28571428571428575
1	27	0.2142857142857143
10	27	0.2142857142857143
20	1
20	10
19	7	0.09756097560975609
19	18	0.29268292682926833
19	21	0.29268292682926833
19	22	0.14634146341463417
19	25	0.09756097560975609
19	26	0.07317073170731708
21	19
8	25	0.07142857142857142
19	25	0.07142857142857142
8	4	0.2142857142857143
19	4	0.2142857142857143
8	5	0.2142857142857143
19	5	0.2142857142857143
22	8
22	19
9	4	0.07792207792207792
9	5	0.07792207792207792
9	9	0.1948051948051948
9	19	0.07792207792207792
9	20	0.2727272727272727
9	22	0.16363636363636364
9	25	0.13506493506493505
23	9
18	7	0.013937282229965155
23	7	0.013937282229965155
18	18	0.041811846689895474
23	18	0.041811846689895474
18	21	0.041811846689895474
23	21	0.041811846689895474
18	22	0.020905923344947737
23	22	0.020905923344947737
18	23	0.3571428571428571
23	23	0.3571428571428571
18	25	0.013937282229965155
23	25	0.013937282229965155
18	26	0.010452961672473868
23	26	0.010452961672473868
24	18
24	23
8	7	0.03252032520325203
19	7	0.03252032520325203
7	7	0.03252032520325203
8	18	0.09756097560975611
19	18	0.09756097560975611
7	18	0.09756097560975611
8	21	0.09756097560975611
19	21	0.09756097560975611
7	21	0.09756097560975611
8	22	0.04878048780487806
19	22	0.04878048780487806
7	22	0.04878048780487806
8	25	0.03252032520325203
19	25	0.03252032520325203
7	25	0.03252032520325203
8	26	0.02439024390243903
19	26	0.02439024390243903
7	26	0.02439024390243903
25	8
25	19
25	7
26	2
26	19
26	20
26	6
27	26
27	6
17	12	0.5
6	12	0.5
3	17
3	6
7	23	1.0
4	7
7	27	0.18181818181818182
7	3	0.18181818181818182
7	10	0.18181818181818182
7	26	0.09090909090909091
7	2	0.36363636363636365
5	7
5	13	0.2222222222222222
5	14	0.23391812865497075
5	19	0.09356725146198831
5	20	0.2222222222222222
5	26	0.11695906432748537
5	27	0.1111111111111111
6	5
19	9	0.14285714285714288
22	9	0.14285714285714288
23	9	0.14285714285714288
19	19	0.04761904761904762
22	19	0.04761904761904762
23	19	0.04761904761904762
19	6	0.14285714285714288
22	6	0.14285714285714288
23	6	0.14285714285714288
7	19
7	22
7	23
12	16	0.18000000000000005
23	16	0.18000000000000005
12	19	0.2
23	19	0.2
12	7	0.12000000000000002
23	7	0.12000000000000002
8	12
8	23
24	24	0.13636363636363635
4	24	0.13636363636363635
24	8	0.13636363636363635
4	8	0.13636363636363635
24	10	0.13636363636363635
4	10	0.13636363636363635
24	7	0.0909090909090909
4	7	0.0909090909090909
9	24
9	4
