6	8	0.28571428571428575
23	8	0.28571428571428575
6	27	0.2142857142857143
23	27	0.2142857142857143
10	6
10	23
14	8	0.4
14	13	0.6000000000000001
11	14
17	16	0.12000000000000001
20	16	0.12000000000000001
13	16	0.12000000000000001
17	19	0.1333333333333333
20	19	0.1333333333333333
13	19	0.1333333333333333
17	7	0.08
20	7	0.08
13	7	0.08
12	17
12	20
12	13
3	25	0.39999999999999997
3	22	0.6000000000000001
13	3
18	3	0.30000000000000004
2	3	0.30000000000000004
18	12	0.2
2	12	0.2
14	18
14	2
15	21
16	11
16	22
11	25	0.16
11	12	0.6
11	22	0.24000000000000005
17	11
19	4	0.00696864111498258
19	5	0.00696864111498258
19	7	0.021370499419279907
19	14	0.020325203252032523
19	15	0.04065040650406505
19	16	0.15352303523035232
19	17	0.2777777777777778
19	18	0.0348432055749129
19	19	0.03252032520325204
19	21	0.0348432055749129
19	22	0.01742160278745645
19	23	0.2976190476190476
19	24	0.020325203252032523
19	25	0.013937282229965157
19	26	0.008710801393728224
19	27	0.012195121951219514
18	19
24	4	0.013533834586466167
25	4	0.013533834586466167
18	4	0.013533834586466167
2	4	0.013533834586466167
21	4	0.013533834586466167
24	5	0.013533834586466167
25	5	0.013533834586466167
18	5	0.013533834586466167
2	5	0.013533834586466167
21	5	0.013533834586466167
24	6	0.009022556390977446
25	6	0.009022556390977446
18	6	0.009022556390977446
2	6	0.009022556390977446
21	6	0.009022556390977446
24	7	0.009242618741976894
25	7	0.009242618741976894
18	7	0.009242618741976894
2	7	0.009242618741976894
21	7	0.009242618741976894
24	9	0.02781954887218045
25	9	0.02781954887218045
18	9	0.02781954887218045
2	9	0.02781954887218045
21	9	0.02781954887218045
24	11	0.02631578947368421
25	11	0.02631578947368421
18	11	0.02631578947368421
2	11	0.02631578947368421
21	11	0.02631578947368421
24	18	0.027727856225930686
25	18	0.027727856225930686
18	18	0.027727856225930686
2	18	0.027727856225930686
21	18	0.027727856225930686
24	19	0.010526315789473684
25	19	0.010526315789473684
18	19	0.010526315789473684
2	19	0.010526315789473684
21	19	0.010526315789473684
24	21	0.027727856225930686
25	21	0.027727856225930686
18	21	0.027727856225930686
2	21	0.027727856225930686
21	21	0.027727856225930686
24	22	0.013863928112965343
25	22	0.013863928112965343
18	22	0.013863928112965343
2	22	0.013863928112965343
21	22	0.013863928112965343
24	25	0.013753896937465615
25	25	0.013753896937465615
18	25	0.013753896937465615
2	25	0.013753896937465615
21	25	0.013753896937465615
24	26	0.0069319640564826715
25	26	0.0069319640564826715
18	26	0.0069319640564826715
2	26	0.0069319640564826715
21	26	0.0069319640564826715
19	24
19	25
19	18
19	2
19	21
6	4	0.011946241911398706
6	5	0.011946241911398706
6	7	0.016724738675958188
6	14	0.03484320557491289
6	15	0.06968641114982578
6	16	0.26318234610917535
6	17	0.4761904761904761
6	19	0.055749128919860634
6	24	0.03484320557491289
6	25	0.003982080637132902
6	27	0.020905923344947737
2	6
1	25	0.19999999999999998
10	25	0.19999999999999998
1	22	0.30000000000000004
10	22	0.30000000000000004
20	1
20	10
19	4	0.041811846689895474
19	5	0.041811846689895474
19	7	0.05853658536585365
19	14	0.1219512195121951
19	15	0.2439024390243902
19	16	0.0878048780487805
19	19	0.1951219512195122
19	24	0.1219512195121951
19	25	0.013937282229965157
19	27	0.07317073170731707
21	19
8	9	0.2142857142857143
19	9	0.2142857142857143
8	19	0.07142857142857142
19	19	0.07142857142857142
8	6	0.2142857142857143
19	6	0.2142857142857143
22	8
22	19
9	6	0.0779220779220779
9	7	0.0730566993981628
9	9	0.0779220779220779
9	12	0.1558441558441558
9	16	0.09818181818181818
9	18	0.022806461830852068
9	19	0.13506493506493503
9	21	0.022806461830852068
9	22	0.011403230915426034
9	23	0.1948051948051947
9	25	0.007602153943617355
9	26	0.12258473234082987
23	9
18	4	0.005973120955699355
23	4	0.005973120955699355
18	5	0.005973120955699355
23	5	0.005973120955699355
18	7	0.07329743427304403
23	7	0.07329743427304403
18	8	0.09740259740259741
23	8	0.09740259740259741
18	10	0.09740259740259741
23	10	0.09740259740259741
18	14	0.01742160278745645
23	14	0.01742160278745645
18	15	0.0348432055749129
23	15	0.0348432055749129
18	16	0.012543554006968646
23	16	0.012543554006968646
18	19	0.02787456445993032
23	19	0.02787456445993032
18	24	0.11482420019005385
23	24	0.11482420019005385
18	25	0.0019910403185664513
23	25	0.0019910403185664513
18	27	0.01045296167247387
23	27	0.01045296167247387
24	18
24	23
8	4	0.013937282229965159
19	4	0.013937282229965159
7	4	0.013937282229965159
8	5	0.013937282229965159
19	5	0.013937282229965159
7	5	0.013937282229965159
8	7	0.019512195121951216
19	7	0.019512195121951216
7	7	0.019512195121951216
8	14	0.04065040650406503
19	14	0.04065040650406503
7	14	0.04065040650406503
8	15	0.08130081300813007
19	15	0.08130081300813007
7	15	0.08130081300813007
8	16	0.02926829268292683
19	16	0.02926829268292683
7	16	0.02926829268292683
8	19	0.06504065040650407
19	19	0.06504065040650407
7	19	0.06504065040650407
8	24	0.04065040650406503
19	24	0.04065040650406503
7	24	0.04065040650406503
8	25	0.004645760743321719
19	25	0.004645760743321719
7	25	0.004645760743321719
8	27	0.024390243902439022
19	27	0.024390243902439022
7	27	0.024390243902439022
25	8
25	19
25	7
26	2
26	19
26	20
26	6
27	26
27	6
17	8	0.5
6	8	0.5
3	17
3	6
7	24	0.27272727272727276
7	8	0.27272727272727276
7	10	0.27272727272727276
7	7	0.18181818181818182
4	7
7	13	0.2222222222222222
7	14	0.23391812865497075
7	19	0.09356725146198831
7	20	0.2222222222222222
7	26	0.11695906432748537
7	27	0.1111111111111111
5	7
5	7	0.010269576379974325
5	11	0.2631578947368421
5	12	0.39285714285714296
5	18	0.030808729139922983
5	21	0.030808729139922983
5	22	0.015404364569961491
5	25	0.010269576379974325
5	26	0.11484503942783791
5	27	0.13157894736842105
6	5
19	2	0.051948051948051945
22	2	0.051948051948051945
23	2	0.051948051948051945
19	3	0.025974025974025972
22	3	0.025974025974025972
23	3	0.025974025974025972
19	7	0.004645760743321718
22	7	0.004645760743321718
23	7	0.004645760743321718
19	10	0.025974025974025972
22	10	0.025974025974025972
23	10	0.025974025974025972
19	18	0.013937282229965159
22	18	0.013937282229965159
23	18	0.013937282229965159
19	21	0.013937282229965159
22	21	0.013937282229965159
23	21	0.013937282229965159
19	22	0.006968641114982579
22	22	0.006968641114982579
23	22	0.006968641114982579
19	23	0.14285714285714285
22	23	0.14285714285714285
23	23	0.14285714285714285
19	25	0.004645760743321718
22	25	0.004645760743321718
23	25	0.004645760743321718
19	26	0.016471333544504276
22	26	0.016471333544504276
23	26	0.016471333544504276
19	27	0.025974025974025972
22	27	0.025974025974025972
23	27	0.025974025974025972
7	19
7	22
7	23
12	4	0.12857142857142856
23	4	0.12857142857142856
12	5	0.12857142857142856
23	5	0.12857142857142856
12	7	0.019512195121951213
23	7	0.019512195121951213
12	18	0.05853658536585366
23	18	0.05853658536585366
12	21	0.05853658536585366
23	21	0.05853658536585366
12	22	0.02926829268292683
23	22	0.02926829268292683
12	25	0.06236933797909406
23	25	0.06236933797909406
12	26	0.014634146341463415
23	26	0.014634146341463415
8	12
8	23
24	4	0.03896103896103896
4	4	0.03896103896103896
24	5	0.03896103896103896
4	5	0.03896103896103896
24	9	0.0974025974025974
4	9	0.0974025974025974
24	19	0.03896103896103896
4	19	0.03896103896103896
24	20	0.13636363636363635
4	20	0.13636363636363635
24	22	0.08181818181818182
4	22	0.08181818181818182
24	25	0.06753246753246753
4	25	0.06753246753246753
9	24
9	4
