6	25	0.19999999999999998
23	25	0.19999999999999998
6	22	0.30000000000000004
23	22	0.30000000000000004
10	6
10	23
14	25	0.16
14	12	0.6
14	22	0.24000000000000005
11	14
17	4	0.0857142857142857
20	4	0.0857142857142857
13	4	0.0857142857142857
17	5	0.0857142857142857
20	5	0.0857142857142857
13	5	0.0857142857142857
17	7	0.013008130081300808
20	7	0.013008130081300808
13	7	0.013008130081300808
17	18	0.03902439024390244
20	18	0.03902439024390244
13	18	0.03902439024390244
17	21	0.03902439024390244
20	21	0.03902439024390244
13	21	0.03902439024390244
17	22	0.01951219512195122
20	22	0.01951219512195122
13	22	0.01951219512195122
17	25	0.04157955865272937
20	25	0.04157955865272937
13	25	0.04157955865272937
17	26	0.00975609756097561
20	26	0.00975609756097561
13	26	0.00975609756097561
12	17
12	20
12	13
3	16	0.36000000000000004
3	19	0.3999999999999999
3	7	0.24000000000000002
13	3
18	8	0.2
2	8	0.2
18	13	0.30000000000000004
2	13	0.30000000000000004
14	18
14	2
15	21
16	11
16	22
11	16	0.14400000000000002
11	8	0.6000000000000001
11	19	0.15999999999999998
11	7	0.09600000000000002
17	11
19	3	0.2500000000000001
19	4	0.016255796285137937
19	5	0.016255796285137937
19	6	0.007518796992481207
19	7	0.06878337751251745
19	8	0.0811688311688312
19	9	0.02318295739348371
19	10	0.0811688311688312
19	11	0.02192982456140351
19	12	0.1666666666666667
19	14	0.014518002322880377
19	15	0.029036004645760755
19	16	0.010452961672473874
19	18	0.023106546854942244
19	19	0.03200073354117001
19	21	0.023106546854942244
19	22	0.011553273427471122
19	24	0.09568683349171156
19	25	0.013120781046693392
19	26	0.005776636713735561
19	27	0.008710801393728228
18	19
24	2	0.0032809295967190693
25	2	0.0032809295967190693
18	2	0.0032809295967190693
2	2	0.0032809295967190693
21	2	0.0032809295967190693
24	3	0.0016404647983595346
25	3	0.0016404647983595346
18	3	0.0016404647983595346
2	3	0.0016404647983595346
21	3	0.0016404647983595346
24	4	0.003961122317990097
25	4	0.003961122317990097
18	4	0.003961122317990097
2	4	0.003961122317990097
21	4	0.003961122317990097
24	5	0.003961122317990097
25	5	0.003961122317990097
18	5	0.003961122317990097
2	5	0.003961122317990097
21	5	0.003961122317990097
24	6	0.013533834586466162
25	6	0.013533834586466162
18	6	0.013533834586466162
2	6	0.013533834586466162
21	6	0.013533834586466162
24	7	0.0065725288831835664
25	7	0.0065725288831835664
18	7	0.0065725288831835664
2	7	0.0065725288831835664
21	7	0.0065725288831835664
24	9	0.013533834586466162
25	9	0.013533834586466162
18	9	0.013533834586466162
2	9	0.013533834586466162
21	9	0.013533834586466162
24	10	0.0016404647983595346
25	10	0.0016404647983595346
18	10	0.0016404647983595346
2	10	0.0016404647983595346
21	10	0.0016404647983595346
24	14	0.011553273427471113
25	14	0.011553273427471113
18	14	0.011553273427471113
2	14	0.011553273427471113
21	14	0.011553273427471113
24	15	0.023106546854942227
25	15	0.023106546854942227
18	15	0.023106546854942227
2	15	0.023106546854942227
21	15	0.023106546854942227
24	16	0.017090286692340605
25	16	0.017090286692340605
18	16	0.017090286692340605
2	16	0.017090286692340605
21	16	0.017090286692340605
24	17	0.017543859649122803
25	17	0.017543859649122803
18	17	0.017543859649122803
2	17	0.017543859649122803
21	17	0.017543859649122803
24	18	0.0030808729139922978
25	18	0.0030808729139922978
18	18	0.0030808729139922978
2	18	0.0030808729139922978
21	18	0.0030808729139922978
24	19	0.022996515679442504
25	19	0.022996515679442504
18	19	0.022996515679442504
2	19	0.022996515679442504
21	19	0.022996515679442504
24	21	0.0030808729139922978
25	21	0.0030808729139922978
18	21	0.0030808729139922978
2	21	0.0030808729139922978
21	21	0.0030808729139922978
24	22	0.0015404364569961489
25	22	0.0015404364569961489
18	22	0.0015404364569961489
2	22	0.0015404364569961489
21	22	0.0015404364569961489
24	23	0.027819548872180445
25	23	0.027819548872180445
18	23	0.027819548872180445
2	23	0.027819548872180445
21	23	0.027819548872180445
24	24	0.011553273427471113
25	24	0.011553273427471113
18	24	0.011553273427471113
2	24	0.011553273427471113
21	24	0.011553273427471113
24	25	0.002347331743994131
25	25	0.002347331743994131
18	25	0.002347331743994131
2	25	0.002347331743994131
21	25	0.002347331743994131
24	26	0.0015904506276778418
25	26	0.0015904506276778418
18	26	0.0015904506276778418
2	26	0.0015904506276778418
21	26	0.0015904506276778418
24	27	0.008572428854842202
25	27	0.008572428854842202
18	27	0.008572428854842202
2	27	0.008572428854842202
21	27	0.008572428854842202
19	24
19	25
19	18
19	2
19	21
6	3	0.4285714285714286
6	4	0.01933404940923738
6	5	0.01933404940923738
6	6	0.012889366272824922
6	7	0.013203741059966991
6	9	0.039742212674543496
6	11	0.037593984962406006
6	12	0.2857142857142857
6	18	0.03961122317990098
6	19	0.015037593984962403
6	21	0.03961122317990098
6	22	0.01980561158995049
6	25	0.01964842419637945
6	26	0.009902805794975244
2	6
1	16	0.18000000000000002
10	16	0.18000000000000002
1	19	0.19999999999999996
10	19	0.19999999999999996
1	7	0.12000000000000001
10	7	0.12000000000000001
20	1
20	10
19	4	0.06766917293233082
19	5	0.06766917293233082
19	6	0.04511278195488722
19	7	0.04621309370988446
19	9	0.13909774436090222
19	11	0.13157894736842102
19	18	0.1386392811296534
19	19	0.05263157894736841
19	21	0.1386392811296534
19	22	0.0693196405648267
19	25	0.06876948468732806
19	26	0.03465982028241335
21	19
8	2	0.07792207792207792
19	2	0.07792207792207792
8	3	0.03896103896103896
19	3	0.03896103896103896
8	7	0.0069686411149825775
19	7	0.0069686411149825775
8	10	0.03896103896103896
19	10	0.03896103896103896
8	18	0.02090592334494774
19	18	0.02090592334494774
8	21	0.02090592334494774
19	21	0.02090592334494774
8	22	0.01045296167247387
19	22	0.01045296167247387
8	23	0.21428571428571427
19	23	0.21428571428571427
8	25	0.0069686411149825775
19	25	0.0069686411149825775
8	26	0.024707000316756416
19	26	0.024707000316756416
8	27	0.03896103896103896
19	27	0.03896103896103896
22	8
22	19
9	2	0.02833530106257379
9	3	0.014167650531286895
9	4	0.07338793610570614
9	5	0.07338793610570614
9	7	0.05315748552999107
9	8	0.20897284533648175
9	10	0.06729634002361275
9	14	0.0095026924295217
9	15	0.0190053848590434
9	16	0.006841938549255626
9	18	0.03953120050681027
9	19	0.015204307887234722
9	21	0.03953120050681027
9	22	0.019765600253405135
9	23	0.07792207792207792
9	24	0.06263138192184756
9	25	0.03763971220417212
9	26	0.016966625392346016
9	27	0.1367523828721168
23	9
18	4	0.03749633824821795
23	4	0.03749633824821795
18	5	0.03749633824821795
23	5	0.03749633824821795
18	6	0.006444683136412462
23	6	0.006444683136412462
18	7	0.0066018705299834965
23	7	0.0066018705299834965
18	9	0.0894443901962699
23	9	0.0894443901962699
18	11	0.018796992481203006
23	11	0.018796992481203006
18	18	0.019805611589950492
23	18	0.019805611589950492
18	19	0.03534811053608046
23	19	0.03534811053608046
18	20	0.09740259740259741
23	20	0.09740259740259741
18	21	0.019805611589950492
23	21	0.019805611589950492
18	22	0.06834436423653369
23	22	0.06834436423653369
18	25	0.05806168890709511
23	25	0.05806168890709511
18	26	0.004951402897487623
23	26	0.004951402897487623
24	18
24	23
8	4	0.022556390977443608
19	4	0.022556390977443608
7	4	0.022556390977443608
8	5	0.022556390977443608
19	5	0.022556390977443608
7	5	0.022556390977443608
8	6	0.015037593984962407
19	6	0.015037593984962407
7	6	0.015037593984962407
8	7	0.015404364569961486
19	7	0.015404364569961486
7	7	0.015404364569961486
8	9	0.04636591478696741
19	9	0.04636591478696741
7	9	0.04636591478696741
8	11	0.04385964912280701
19	11	0.04385964912280701
7	11	0.04385964912280701
8	18	0.04621309370988447
19	18	0.04621309370988447
7	18	0.04621309370988447
8	19	0.017543859649122803
19	19	0.017543859649122803
7	19	0.017543859649122803
8	21	0.04621309370988447
19	21	0.04621309370988447
7	21	0.04621309370988447
8	22	0.023106546854942234
19	22	0.023106546854942234
7	22	0.023106546854942234
8	25	0.022923161562442687
19	25	0.022923161562442687
7	25	0.022923161562442687
8	26	0.011553273427471117
19	26	0.011553273427471117
7	26	0.011553273427471117
25	8
25	19
25	7
26	2
26	19
26	20
26	6
27	26
27	6
17	25	0.19999999999999998
6	25	0.19999999999999998
17	22	0.30000000000000004
6	22	0.30000000000000004
3	17
3	6
7	4	0.07792207792207792
7	5	0.07792207792207792
7	9	0.1948051948051948
7	19	0.07792207792207792
7	20	0.2727272727272727
7	22	0.16363636363636364
7	25	0.13506493506493505
4	7
7	7	0.010269576379974325
7	11	0.2631578947368421
7	12	0.39285714285714296
7	18	0.030808729139922983
7	21	0.030808729139922983
7	22	0.015404364569961491
7	25	0.010269576379974325
7	26	0.11484503942783791
7	27	0.13157894736842105
5	7
5	4	0.005973120955699354
5	5	0.005973120955699354
5	7	0.008362369337979096
5	8	0.39285714285714296
5	14	0.01742160278745645
5	15	0.0348432055749129
5	16	0.1315911730545877
5	17	0.23809523809523808
5	19	0.02787456445993032
5	24	0.01742160278745645
5	25	0.0019910403185664513
5	27	0.11759581881533103
6	5
19	4	0.001991040318566451
22	4	0.001991040318566451
23	4	0.001991040318566451
19	5	0.001991040318566451
22	5	0.001991040318566451
23	5	0.001991040318566451
19	7	0.028761482420019
22	7	0.028761482420019
23	7	0.028761482420019
19	8	0.03896103896103897
22	8	0.03896103896103897
23	8	0.03896103896103897
19	10	0.03896103896103897
22	10	0.03896103896103897
23	10	0.03896103896103897
19	13	0.031746031746031744
22	13	0.031746031746031744
23	13	0.031746031746031744
19	14	0.03922407645129083
22	14	0.03922407645129083
23	14	0.03922407645129083
19	15	0.011614401858304294
22	15	0.011614401858304294
23	15	0.011614401858304294
19	16	0.004181184668989547
22	16	0.004181184668989547
23	16	0.004181184668989547
19	19	0.022658271695498913
22	19	0.022658271695498913
23	19	0.022658271695498913
19	20	0.031746031746031744
22	20	0.031746031746031744
23	20	0.031746031746031744
19	24	0.04476823989019111
22	24	0.04476823989019111
23	24	0.04476823989019111
19	25	0.000663680106188817
22	25	0.000663680106188817
23	25	0.000663680106188817
19	26	0.01670843776106934
22	26	0.01670843776106934
23	26	0.01670843776106934
19	27	0.019357336430507157
22	27	0.019357336430507157
23	27	0.019357336430507157
7	19
7	22
7	23
12	4	0.008362369337979094
23	4	0.008362369337979094
12	5	0.008362369337979094
23	5	0.008362369337979094
12	6	0.1285714285714286
23	6	0.1285714285714286
12	7	0.01170731707317073
23	7	0.01170731707317073
12	9	0.1285714285714286
23	9	0.1285714285714286
12	14	0.02439024390243902
23	14	0.02439024390243902
12	15	0.04878048780487804
23	15	0.04878048780487804
12	16	0.0175609756097561
23	16	0.0175609756097561
12	19	0.08188153310104529
23	19	0.08188153310104529
12	24	0.02439024390243902
23	24	0.02439024390243902
12	25	0.0027874564459930314
23	25	0.0027874564459930314
12	27	0.014634146341463412
23	27	0.014634146341463412
8	12
8	23
24	6	0.03896103896103896
4	6	0.03896103896103896
24	7	0.036528349699081405
4	7	0.036528349699081405
24	9	0.03896103896103896
4	9	0.03896103896103896
24	12	0.07792207792207792
4	12	0.07792207792207792
24	16	0.0490909090909091
4	16	0.0490909090909091
24	18	0.011403230915426036
4	18	0.011403230915426036
24	19	0.06753246753246753
4	19	0.06753246753246753
24	21	0.011403230915426036
4	21	0.011403230915426036
24	22	0.005701615457713018
4	22	0.005701615457713018
24	23	0.09740259740259738
4	23	0.09740259740259738
24	25	0.0038010769718086783
4	25	0.0038010769718086783
24	26	0.06129236617041495
4	26	0.06129236617041495
9	24
9	4
